-1.309030101289753389e+00 -4.518443561833969113e+00
-1.307222113327807467e+00 -4.514495248889121015e+00
-1.305414125365861544e+00 -4.510536651099810612e+00
-1.303606137403915843e+00 -4.506567949096845993e+00
-1.301798149441969921e+00 -4.502589323511036135e+00
-1.299990161480024220e+00 -4.498600954973182020e+00
-1.298182173518078297e+00 -4.494603024114093515e+00
-1.296374185556132375e+00 -4.490595711564579595e+00
-1.294566197594186674e+00 -4.486579197955447462e+00
-1.292758209632240751e+00 -4.482553663917497211e+00
-1.290950221670295051e+00 -4.478519290081543147e+00
-1.289142233708349128e+00 -4.474476257078390695e+00
-1.287334245746403205e+00 -4.470424745538841726e+00
-1.285526257784457504e+00 -4.466364936093707882e+00
-1.283718269822511582e+00 -4.462297009374534440e+00
-1.281910281860565881e+00 -4.458221148971309056e+00
-1.280102293898619958e+00 -4.454137548157957482e+00
-1.278294305936674258e+00 -4.450046402186716321e+00
-1.276486317974728335e+00 -4.445947906309825726e+00
-1.274678330012782412e+00 -4.441842255779524073e+00
-1.272870342050836712e+00 -4.437729645848045301e+00
-1.271062354088890789e+00 -4.433610271767634892e+00
-1.269254366126945088e+00 -4.429484328790523229e+00
-1.267446378164999166e+00 -4.425352012168954907e+00
-1.265638390203053243e+00 -4.421213517155165640e+00
-1.263830402241107542e+00 -4.417069039001393804e+00
-1.262022414279161620e+00 -4.412918772959875113e+00
-1.260214426317215919e+00 -4.408762914282855050e+00
-1.258406438355269996e+00 -4.404601658222563998e+00
-1.256598450393324296e+00 -4.400435200031244776e+00
-1.254790462431378373e+00 -4.396263734961132208e+00
-1.252982474469432450e+00 -4.392087458264468225e+00
-1.251174486507486749e+00 -4.387906565193489428e+00
-1.249366498545540827e+00 -4.383721251000432417e+00
-1.247558510583594904e+00 -4.379531725344027571e+00
-1.245750522621649203e+00 -4.375338291621794440e+00
-1.243942534659703281e+00 -4.371141290733043583e+00
-1.242134546697757580e+00 -4.366941063676250678e+00
-1.240326558735811657e+00 -4.362737951449890517e+00
-1.238518570773865957e+00 -4.358532295052439665e+00
-1.236710582811920034e+00 -4.354324435482368472e+00
-1.234902594849974111e+00 -4.350114713738160610e+00
-1.233094606888028411e+00 -4.345903470818284653e+00
-1.231286618926082488e+00 -4.341691047721217167e+00
-1.229478630964136787e+00 -4.337477785445437384e+00
-1.227670643002190864e+00 -4.333264024989417429e+00
-1.225862655040244942e+00 -4.329050107351631205e+00
-1.224054667078299241e+00 -4.324836373530558831e+00
-1.222246679116353318e+00 -4.320623164524673321e+00
-1.220438691154407396e+00 -4.316410821332452130e+00
-1.218630703192461695e+00 -4.312199684952364720e+00
-1.216822715230515772e+00 -4.307990096385260870e+00
-1.215014727268570072e+00 -4.303782442139355346e+00
-1.213206739306624149e+00 -4.299577270784835648e+00
-1.211398751344678226e+00 -4.295375166952480228e+00
-1.209590763382732526e+00 -4.291176715273063103e+00
-1.207782775420786603e+00 -4.286982500377365390e+00
-1.205974787458840902e+00 -4.282793106896160218e+00
-1.204166799496894980e+00 -4.278609119460225152e+00
-1.202358811534949279e+00 -4.274431122700337760e+00
-1.200550823573003356e+00 -4.270259701247270279e+00
-1.198742835611057433e+00 -4.266095439731803829e+00
-1.196934847649111511e+00 -4.261938922784713313e+00
-1.195126859687165810e+00 -4.257790735036774521e+00
-1.193318871725219887e+00 -4.253651461118765020e+00
-1.191510883763274187e+00 -4.249521685661459713e+00
-1.189702895801328264e+00 -4.245401993295636167e+00
-1.187894907839382563e+00 -4.241292968652070172e+00
-1.186086919877436863e+00 -4.237195201177316406e+00
-1.184278931915490940e+00 -4.233109410924138061e+00
-1.182470943953545017e+00 -4.229036460630626770e+00
-1.180662955991599095e+00 -4.224977220272392309e+00
-1.178854968029653394e+00 -4.220932559825040897e+00
-1.177046980067707471e+00 -4.216903349264179646e+00
-1.175238992105761549e+00 -4.212890458565418328e+00
-1.173431004143815848e+00 -4.208894757704368494e+00
-1.171623016181869925e+00 -4.204917116656632814e+00
-1.169815028219924224e+00 -4.200958405397823725e+00
-1.168007040257978302e+00 -4.197019493903546561e+00
-1.166199052296032601e+00 -4.193101252149408431e+00
-1.164391064334086678e+00 -4.189204550111024439e+00
-1.162583076372140756e+00 -4.185330257763997253e+00
-1.160775088410195055e+00 -4.181479245083933982e+00
-1.158967100448249132e+00 -4.177652382046446178e+00
-1.157159112486303432e+00 -4.173850500063183588e+00
-1.155351124524357509e+00 -4.170074258359668384e+00
-1.153543136562411586e+00 -4.166324268123251073e+00
-1.151735148600465886e+00 -4.162601140539155864e+00
-1.149927160638520185e+00 -4.158905486792610517e+00
-1.148119172676574262e+00 -4.155237918068845460e+00
-1.146311184714628340e+00 -4.151599045553083123e+00
-1.144503196752682417e+00 -4.147989480430551268e+00
-1.142695208790736716e+00 -4.144409833886477657e+00
-1.140887220828790793e+00 -4.140860717106088273e+00
-1.139079232866845093e+00 -4.137342741274612656e+00
-1.137271244904899170e+00 -4.133856517577275014e+00
-1.135463256942953247e+00 -4.130402657199302219e+00
-1.133655268981007547e+00 -4.126981771325922033e+00
-1.131847281019061624e+00 -4.123594466289818072e+00
-1.130039293057115701e+00 -4.120241160695105265e+00
-1.128231305095170001e+00 -4.116922029807393635e+00
-1.126423317133224078e+00 -4.113637232682518352e+00
-1.124615329171278377e+00 -4.110386928376313698e+00
-1.122807341209332455e+00 -4.107171275944624611e+00
-1.120999353247386754e+00 -4.103990434443282709e+00
-1.119191365285440831e+00 -4.100844562928129378e+00
-1.117383377323494908e+00 -4.097733820455000675e+00
-1.115575389361549208e+00 -4.094658366079736211e+00
-1.113767401399603507e+00 -4.091618358858171156e+00
-1.111959413437657584e+00 -4.088613957846145119e+00
-1.110151425475711662e+00 -4.085645322099498600e+00
-1.108343437513765739e+00 -4.082712610674064102e+00
-1.106535449551820038e+00 -4.079815952951696190e+00
-1.104727461589874116e+00 -4.076955138552834867e+00
-1.102919473627928415e+00 -4.074129740340567629e+00
-1.101111485665982492e+00 -4.071339327673571873e+00
-1.099303497704036570e+00 -4.068583469910523220e+00
-1.097495509742090869e+00 -4.065861736410100846e+00
-1.095687521780144946e+00 -4.063173696530976819e+00
-1.093879533818199246e+00 -4.060518919631831203e+00
-1.092071545856253323e+00 -4.057896975071339618e+00
-1.090263557894307400e+00 -4.055307432208182128e+00
-1.088455569932361700e+00 -4.052749860401029913e+00
-1.086647581970415777e+00 -4.050223829008557708e+00
-1.084839594008470076e+00 -4.047728907389452679e+00
-1.083031606046524153e+00 -4.045264643245685576e+00
-1.081223618084578231e+00 -4.042830347261489266e+00
-1.079415630122632530e+00 -4.040425183927089492e+00
-1.077607642160686607e+00 -4.038048315581042047e+00
-1.075799654198740907e+00 -4.035698904561907163e+00
-1.073991666236794984e+00 -4.033376113208232638e+00
-1.072183678274849283e+00 -4.031079103858581369e+00
-1.070375690312903361e+00 -4.028807038851510036e+00
-1.068567702350957438e+00 -4.026559080525568213e+00
-1.066759714389011737e+00 -4.024334391219319684e+00
-1.064951726427065815e+00 -4.022132133271314025e+00
-1.063143738465120114e+00 -4.019951469020112356e+00
-1.061335750503174191e+00 -4.017791558041507116e+00
-1.059527762541228491e+00 -4.015651424125522340e+00
-1.057719774579282568e+00 -4.013529896230727090e+00
-1.055911786617336645e+00 -4.011425788259071368e+00
-1.054103798655390722e+00 -4.009337914112506951e+00
-1.052295810693445022e+00 -4.007265087692984729e+00
-1.050487822731499321e+00 -4.005206122902456478e+00
-1.048679834769553398e+00 -4.003159833642869536e+00
-1.046871846807607476e+00 -4.001125033816174792e+00
-1.045063858845661775e+00 -3.999100537324326687e+00
-1.043255870883715852e+00 -3.997085158069274780e+00
-1.041447882921769930e+00 -3.995077709952969069e+00
-1.039639894959824229e+00 -3.993076985140462387e+00
-1.037831906997878306e+00 -3.991081499621483175e+00
-1.036023919035932384e+00 -3.989089579383492623e+00
-1.034215931073986683e+00 -3.987099546670955785e+00
-1.032407943112040760e+00 -3.985109723728333275e+00
-1.030599955150095060e+00 -3.983118432800093256e+00
-1.028791967188149137e+00 -3.981123996130696341e+00
-1.026983979226203214e+00 -3.979124735964608028e+00
-1.025175991264257513e+00 -3.977118974546290708e+00
-1.023368003302311591e+00 -3.975105034120210323e+00
-1.021560015340365890e+00 -3.973081236930828375e+00
-1.019752027378419967e+00 -3.971045905222608141e+00
-1.017944039416474267e+00 -3.968997361240015120e+00
-1.016136051454528344e+00 -3.966933927227512147e+00
-1.014328063492582643e+00 -3.964853906001504669e+00
-1.012520075530636721e+00 -3.962755469643235884e+00
-1.010712087568690798e+00 -3.960636736314010697e+00
-1.008904099606744875e+00 -3.958495824006338371e+00
-1.007096111644799175e+00 -3.956330850712731717e+00
-1.005288123682853474e+00 -3.954139934425699998e+00
-1.003480135720907551e+00 -3.951921193137752919e+00
-1.001672147758961628e+00 -3.949672744841401517e+00
-9.998641597970158168e-01 -3.947392707529153721e+00
-9.980561718350700051e-01 -3.945079199193523678e+00
-9.962481838731240824e-01 -3.942730337827019316e+00
-9.944401959111782707e-01 -3.940344241422150340e+00
-9.926322079492324590e-01 -3.937919027971427788e+00
-9.908242199872866474e-01 -3.935452893355253945e+00
-9.890162320253408357e-01 -3.932944672753164284e+00
-9.872082440633951350e-01 -3.930393514835718083e+00
-9.854002561014491013e-01 -3.927798570431098035e+00
-9.835922681395032896e-01 -3.925158990367487721e+00
-9.817842801775574779e-01 -3.922473925473078715e+00
-9.799762922156116662e-01 -3.919742526576051045e+00
-9.781683042536658546e-01 -3.916963944504590955e+00
-9.763603162917200429e-01 -3.914137330086883360e+00
-9.745523283297741202e-01 -3.911261834151118499e+00
-9.727443403678283085e-01 -3.908336607525473738e+00
-9.709363524058824968e-01 -3.905360801038141538e+00
-9.691283644439365741e-01 -3.902333582812448132e+00
-9.673203764819908734e-01 -3.899254881401616579e+00
-9.655123885200450617e-01 -3.896125667394811920e+00
-9.637044005580992501e-01 -3.892946986755779992e+00
-9.618964125961533274e-01 -3.889719885448284398e+00
-9.600884246342075157e-01 -3.886445409436070086e+00
-9.582804366722617040e-01 -3.883124604682897107e+00
-9.564724487103158923e-01 -3.879758517152513519e+00
-9.546644607483699696e-01 -3.876348192808674931e+00
-9.528564727864241579e-01 -3.872894677615136949e+00
-9.510484848244783462e-01 -3.869399017535649410e+00
-9.492404968625325345e-01 -3.865862258533969698e+00
-9.474325089005866118e-01 -3.862285501345916305e+00
-9.456245209386409112e-01 -3.858670668157463624e+00
-9.438165329766949885e-01 -3.855020314480544386e+00
-9.420085450147491768e-01 -3.851337012174682162e+00
-9.402005570528033651e-01 -3.847623333099394749e+00
-9.383925690908575534e-01 -3.843881849114199056e+00
-9.365845811289116307e-01 -3.840115132078619542e+00
-9.347765931669658190e-01 -3.836325753852171339e+00
-9.329686052050200074e-01 -3.832516286294375352e+00
-9.311606172430741957e-01 -3.828689301264752487e+00
-9.293526292811283840e-01 -3.824847370622824538e+00
-9.275446413191824613e-01 -3.820993070934910474e+00
-9.257366533572366496e-01 -3.817129198987724514e+00
-9.239286653952908379e-01 -3.813258861272258216e+00
-9.221206774333450262e-01 -3.809385187537979611e+00
-9.203126894713992145e-01 -3.805511307534359400e+00
-9.185047015094532918e-01 -3.801640351010857621e+00
-9.166967135475074802e-01 -3.797775447716945862e+00
-9.148887255855616685e-01 -3.793919727402085496e+00
-9.130807376236158568e-01 -3.790076319815748551e+00
-9.112727496616699341e-01 -3.786248354707395958e+00
-9.094647616997241224e-01 -3.782438961826498858e+00
-9.076567737377783107e-01 -3.778651255397793562e+00
-9.058487857758324990e-01 -3.774888152017632059e+00
-9.040407978138866874e-01 -3.771152432132180987e+00
-9.022328098519408757e-01 -3.767446873496237192e+00
-9.004248218899950640e-01 -3.763774253864605956e+00
-8.986168339280491413e-01 -3.760137350992086791e+00
-8.968088459661033296e-01 -3.756538942633480094e+00
-8.950008580041575179e-01 -3.752981806543585819e+00
-8.931928700422115952e-01 -3.749468720477204808e+00
-8.913848820802657835e-01 -3.746002462189141902e+00
-8.895768941183199718e-01 -3.742585799487020637e+00
-8.877689061563742712e-01 -3.739221043352652263e+00
-8.859609181944283485e-01 -3.735909867240032156e+00
-8.841529302324824258e-01 -3.732653897252361741e+00
-8.823449422705367251e-01 -3.729454759492831339e+00
-8.805369543085909134e-01 -3.726314080064641043e+00
-8.787289663466451017e-01 -3.723233485070986060e+00
-8.769209783846991790e-01 -3.720214600615061595e+00
-8.751129904227532563e-01 -3.717259052800062857e+00
-8.733050024608075557e-01 -3.714368467729190826e+00
-8.714970144988616330e-01 -3.711544434262879832e+00
-8.696890265369157103e-01 -3.708787776480887644e+00
-8.678810385749700096e-01 -3.706098601453477581e+00
-8.660730506130240869e-01 -3.703476988574854634e+00
-8.642650626510783862e-01 -3.700923017239223789e+00
-8.624570746891324635e-01 -3.698436766840789147e+00
-8.606490867271867629e-01 -3.696018316773758805e+00
-8.588410987652408402e-01 -3.693667746432337751e+00
-8.570331108032949174e-01 -3.691385135210730528e+00
-8.552251228413492168e-01 -3.689170562432266376e+00
-8.534171348794032941e-01 -3.687023789305740706e+00
-8.516091469174575934e-01 -3.684943527635033522e+00
-8.498011589555116707e-01 -3.682928273138597497e+00
-8.479931709935658590e-01 -3.680976521534884416e+00
-8.461851830316199363e-01 -3.679086768542341179e+00
-8.443771950696741246e-01 -3.677257509879425790e+00
-8.425692071077283130e-01 -3.675487241264585148e+00
-8.407612191457825013e-01 -3.673774458416272370e+00
-8.389532311838366896e-01 -3.672117657052937467e+00
-8.371452432218908779e-01 -3.670515048768171695e+00
-8.353372552599450662e-01 -3.668963574395100125e+00
-8.335292672979991435e-01 -3.667459819638672514e+00
-8.317212793360533318e-01 -3.666000370187457502e+00
-8.299132913741074091e-01 -3.664581811730030836e+00
-8.281053034121617085e-01 -3.663200729954959822e+00
-8.262973154502157858e-01 -3.661853710550821539e+00
-8.244893274882700851e-01 -3.660537339206182406e+00
-8.226813395263241624e-01 -3.659248199209391039e+00
-8.208733515643783507e-01 -3.657982319649170755e+00
-8.190653636024324280e-01 -3.656734470071184351e+00
-8.172573756404867273e-01 -3.655499245966066901e+00
-8.154493876785409157e-01 -3.654271242824448596e+00
-8.136413997165951040e-01 -3.653045056136958735e+00
-8.118334117546490702e-01 -3.651815281394229729e+00
-8.100254237927033696e-01 -3.650576514086891766e+00
-8.082174358307574469e-01 -3.649323349705578590e+00
-8.064094478688116352e-01 -3.648050377946806755e+00
-8.046014599068658235e-01 -3.646752135099712966e+00
-8.027934719449200118e-01 -3.645423128639178501e+00
-8.009854839829742001e-01 -3.644057865759763981e+00
-7.991774960210282774e-01 -3.642650853656036247e+00
-7.973695080590823547e-01 -3.641196599522561694e+00
-7.955615200971366541e-01 -3.639689610553904053e+00
-7.937535321351908424e-01 -3.638124393944630608e+00
-7.919455441732450307e-01 -3.636495544824292825e+00
-7.901375562112992190e-01 -3.634799205533571609e+00
-7.883295682493534073e-01 -3.633032840175959954e+00
-7.865215802874074846e-01 -3.631193955349424130e+00
-7.847135923254615619e-01 -3.629280057651919744e+00
-7.829056043635158613e-01 -3.627288653681413955e+00
-7.810976164015699386e-01 -3.625217250035864591e+00
-7.792896284396242379e-01 -3.623063353313231261e+00
-7.774816404776783152e-01 -3.620824663110053798e+00
-7.756736525157326145e-01 -3.618501206337813247e+00
-7.738656645537866918e-01 -3.616094552128676032e+00
-7.720576765918407691e-01 -3.613606297211795049e+00
-7.702496886298950685e-01 -3.611038038316322751e+00
-7.684417006679491458e-01 -3.608391372171409817e+00
-7.666337127060033341e-01 -3.605667895506208698e+00
-7.648257247440575224e-01 -3.602869205049916701e+00
-7.630177367821117107e-01 -3.599997294455830499e+00
-7.612097488201658990e-01 -3.597055722593364369e+00
-7.594017608582199763e-01 -3.594048434095230338e+00
-7.575937728962741646e-01 -3.590979373594144430e+00
-7.557857849343283529e-01 -3.587852485722812013e+00
-7.539777969723825413e-01 -3.584671715113948220e+00
-7.521698090104367296e-01 -3.581441006400266858e+00
-7.503618210484909179e-01 -3.578164350177544417e+00
-7.485538330865449952e-01 -3.574846455318106297e+00
-7.467458451245991835e-01 -3.571492599669250367e+00
-7.449378571626533718e-01 -3.568108076671848483e+00
-7.431298692007074491e-01 -3.564698179766761399e+00
-7.413218812387616374e-01 -3.561268202394866744e+00
-7.395138932768159368e-01 -3.557823437997031046e+00
-7.377059053148701251e-01 -3.554369192328704852e+00
-7.358979173529242024e-01 -3.550911262621253339e+00
-7.340899293909782797e-01 -3.547456092024174445e+00
-7.322819414290325790e-01 -3.544010167614827456e+00
-7.304739534670866563e-01 -3.540579976470568102e+00
-7.286659655051408446e-01 -3.537172005668757890e+00
-7.268579775431950329e-01 -3.533792742286751665e+00
-7.250499895812492213e-01 -3.530448668340447238e+00
-7.232420016193034096e-01 -3.527146081517695375e+00
-7.214340136573574869e-01 -3.523891047013670175e+00
-7.196260256954116752e-01 -3.520689615166128217e+00
-7.178180377334658635e-01 -3.517547836312829634e+00
-7.160100497715200518e-01 -3.514471760791531896e+00
-7.142020618095742401e-01 -3.511467438939999575e+00
-7.123940738476284285e-01 -3.508540782376407208e+00
-7.105860858856825057e-01 -3.505695813717325748e+00
-7.087780979237365830e-01 -3.502935191339099141e+00
-7.069701099617908824e-01 -3.500261543347912951e+00
-7.051621219998449597e-01 -3.497677497849957184e+00
-7.033541340378992590e-01 -3.495185682951415629e+00
-7.015461460759532253e-01 -3.492788726748392136e+00
-6.997381581140075246e-01 -3.490488444511113286e+00
-6.979301701520617129e-01 -3.488283623212975026e+00
-6.961221821901157902e-01 -3.486172344729766337e+00
-6.943141942281700896e-01 -3.484152690937271313e+00
-6.925062062662241669e-01 -3.482222743711274049e+00
-6.906982183042784662e-01 -3.480380584927555976e+00
-6.888902303423325435e-01 -3.478624182045028768e+00
-6.870822423803866208e-01 -3.476949788656432450e+00
-6.852742544184408091e-01 -3.475352338069814806e+00
-6.834662664564949974e-01 -3.473826729576171779e+00
-6.816582784945491857e-01 -3.472367862466485100e+00
-6.798502905326033741e-01 -3.470970636031747603e+00
-6.780423025706575624e-01 -3.469629937716670831e+00
-6.762343146087116397e-01 -3.468339991578825554e+00
-6.744263266467658280e-01 -3.467094019786842729e+00
-6.726183386848200163e-01 -3.465885161334404607e+00
-6.708103507228742046e-01 -3.464706555215192996e+00
-6.690023627609283929e-01 -3.463551340422880820e+00
-6.671943747989824702e-01 -3.462412653840698518e+00
-6.653863868370367696e-01 -3.461283364576892563e+00
-6.635783988750908469e-01 -3.460155814868793644e+00
-6.617704109131450352e-01 -3.459022285457955981e+00
-6.599624229511992235e-01 -3.457875057085935566e+00
-6.581544349892533008e-01 -3.456706410494286619e+00
-6.563464470273074891e-01 -3.455508631348613857e+00
-6.545384590653616774e-01 -3.454274391163995261e+00
-6.527304711034158657e-01 -3.452997018268375129e+00
-6.509224831414699430e-01 -3.451669904961405244e+00
-6.491144951795241314e-01 -3.450286443542740944e+00
-6.473065072175783197e-01 -3.448840026312035789e+00
-6.454985192556323970e-01 -3.447324120667388136e+00
-6.436905312936866963e-01 -3.445733960198084311e+00
-6.418825433317407736e-01 -3.444066566585168410e+00
-6.400745553697950729e-01 -3.442319040988457424e+00
-6.382665674078491502e-01 -3.440488484567776339e+00
-6.364585794459033385e-01 -3.438571998482938152e+00
-6.346505914839575269e-01 -3.436567120830360977e+00
-6.328426035220116042e-01 -3.434474334227657799e+00
-6.310346155600659035e-01 -3.432295337316250805e+00
-6.292266275981199808e-01 -3.430031832571120098e+00
-6.274186396361741691e-01 -3.427685522467252444e+00
-6.256106516742283574e-01 -3.425258125617837823e+00
-6.238026637122824347e-01 -3.422752679254010388e+00
-6.219946757503366230e-01 -3.420174496318133084e+00
-6.201866877883908113e-01 -3.417529115366571002e+00
-6.183786998264451107e-01 -3.414822074955685682e+00
-6.165707118644991880e-01 -3.412058913641838664e+00
-6.147627239025533763e-01 -3.409245500662359429e+00
-6.129547359406075646e-01 -3.406389593028056328e+00
-6.111467479786617529e-01 -3.403499616589645616e+00
-6.093387600167158302e-01 -3.400583997981297291e+00
-6.075307720547700185e-01 -3.397651163837194677e+00
-6.057227840928242069e-01 -3.394709578667097549e+00
-6.039147961308782842e-01 -3.391768295345753970e+00
-6.021068081689324725e-01 -3.388836830998543714e+00
-6.002988202069866608e-01 -3.385924715365943971e+00
-5.984908322450408491e-01 -3.383041478188438589e+00
-5.966828442830951484e-01 -3.380196620604498658e+00
-5.948748563211492257e-01 -3.377398612192564986e+00
-5.930668683592033030e-01 -3.374654627209174418e+00
-5.912588803972576024e-01 -3.371971757697722616e+00
-5.894508924353116797e-01 -3.369357095701597249e+00
-5.876429044733658680e-01 -3.366817697402126441e+00
-5.858349165114200563e-01 -3.364358630191131017e+00
-5.840269285494742446e-01 -3.361981969043481122e+00
-5.822189405875284329e-01 -3.359689541783708933e+00
-5.804109526255825102e-01 -3.357483176236337741e+00
-5.786029646636365875e-01 -3.355364656264789858e+00
-5.767949767016906648e-01 -3.353333845287495230e+00
-5.749869887397449641e-01 -3.351387982267822085e+00
-5.731790007777992635e-01 -3.349524117086591257e+00
-5.713710128158533408e-01 -3.347739299624626241e+00
-5.695630248539074181e-01 -3.346030520406305886e+00
-5.677550368919617174e-01 -3.344393511079098769e+00
-5.659470489300159057e-01 -3.342822800792453197e+00
-5.641390609680699830e-01 -3.341312870622570319e+00
-5.623310730061241713e-01 -3.339858201645655722e+00
-5.605230850441783597e-01 -3.338453158536802690e+00
-5.587150970822325480e-01 -3.337091095771965943e+00
-5.569071091202866253e-01 -3.335764848917832204e+00
-5.550991211583409246e-01 -3.334467249289327473e+00
-5.532911331963950019e-01 -3.333191128083005772e+00
-5.514831452344490792e-01 -3.331928991841888177e+00
-5.496751572725033785e-01 -3.330672314653776667e+00
-5.478671693105574558e-01 -3.329412365829034215e+00
-5.460591813486117552e-01 -3.328140414678021575e+00
-5.442511933866658325e-01 -3.326847743943908142e+00
-5.424432054247201318e-01 -3.325525956994699328e+00
-5.406352174627742091e-01 -3.324166984444020922e+00
-5.388272295008282864e-01 -3.322762771662628012e+00
-5.370192415388825857e-01 -3.321305264021271242e+00
-5.352112535769366630e-01 -3.319787134862861144e+00
-5.334032656149908513e-01 -3.318204028511244186e+00
-5.315952776530449286e-01 -3.316552347107144083e+00
-5.297872896910992280e-01 -3.314828492791508818e+00
-5.279793017291533053e-01 -3.313029063326485613e+00
-5.261713137672074936e-01 -3.311153865736693014e+00
-5.243633258052617929e-01 -3.309205330322920524e+00
-5.225553378433158702e-01 -3.307185964314466986e+00
-5.207473498813700585e-01 -3.305098284493597660e+00
-5.189393619194241358e-01 -3.302946077340683129e+00
-5.171313739574783241e-01 -3.300735658980632259e+00
-5.153233859955325125e-01 -3.298473645270667554e+00
-5.135153980335867008e-01 -3.296166652068005298e+00
-5.117074100716407781e-01 -3.293821485441389640e+00
-5.098994221096949664e-01 -3.291445756447969551e+00
-5.080914341477491547e-01 -3.289047289060371693e+00
-5.062834461858033430e-01 -3.286633907252567433e+00
-5.044754582238575313e-01 -3.284213417662067425e+00
-5.026674702619116086e-01 -3.281793497097874823e+00
-5.008594822999657969e-01 -3.279381763507049463e+00
-4.990514943380200963e-01 -3.276985834544277498e+00
-4.972435063760741736e-01 -3.274613272316717616e+00
-4.954355184141283619e-01 -3.272271028425160821e+00
-4.936275304521824947e-01 -3.269965676704754909e+00
-4.918195424902366275e-01 -3.267703785380295933e+00
-4.900115545282909268e-01 -3.265491807428888116e+00
-4.882035665663450041e-01 -3.263334705900621913e+00
-4.863955786043991925e-01 -3.261236406128708243e+00
-4.845875906424533808e-01 -3.259200812366354505e+00
-4.827796026805075691e-01 -3.257231601047734681e+00
-4.809716147185616464e-01 -3.255329740034303754e+00
-4.791636267566158347e-01 -3.253494420716099178e+00
-4.773556387946700230e-01 -3.251724803544457476e+00
-4.755476508327241003e-01 -3.250019708477283054e+00
-4.737396628707783997e-01 -3.248374970914517768e+00
-4.719316749088324769e-01 -3.246784880577357146e+00
-4.701236869468867763e-01 -3.245243714143307034e+00
-4.683156989849408536e-01 -3.243745442167505821e+00
-4.665077110229949864e-01 -3.242282369224601890e+00
-4.646997230610492302e-01 -3.240846235890758820e+00
-4.628917350991033075e-01 -3.239428782442094867e+00
-4.610837471371575513e-01 -3.238021906035456698e+00
-4.592757591752116841e-01 -3.236617958132340434e+00
-4.574677712132658725e-01 -3.235209371956440094e+00
-4.556597832513200608e-01 -3.233788602861968897e+00
-4.538517952893741381e-01 -3.232349086867728261e+00
-4.520438073274283819e-01 -3.230885608261826025e+00
-4.502358193654825147e-01 -3.229393049327508258e+00
-4.484278314035367030e-01 -3.227866437666869537e+00
-4.466198434415908913e-01 -3.226302274112152535e+00
-4.448118554796450796e-01 -3.224697916496150896e+00
-4.430038675176992125e-01 -3.223050733546690694e+00
-4.411958795557532897e-01 -3.221358633529137538e+00
-4.393878915938074781e-01 -3.219621188978793569e+00
-4.375799036318618329e-01 -3.217838292312204640e+00
-4.357719156699159102e-01 -3.216009914067047948e+00
-4.339639277079699875e-01 -3.214137641574525972e+00
-4.321559397460241758e-01 -3.212224584867571675e+00
-4.303479517840783086e-01 -3.210273913261363354e+00
-4.285399638221325525e-01 -3.208289357825682586e+00
-4.267319758601867408e-01 -3.206276824973051554e+00
-4.249239878982408736e-01 -3.204242747600760666e+00
-4.231159999362950064e-01 -3.202193592637589958e+00
-4.213080119743493057e-01 -3.200136454562592103e+00
-4.195000240124033830e-01 -3.198078979669007005e+00
-4.176920360504575158e-01 -3.196028832350132021e+00
-4.158840480885116486e-01 -3.193993275696026313e+00
-4.140760601265657814e-01 -3.191978501565657211e+00
-4.122680721646201363e-01 -3.189990524998620458e+00
-4.104600842026742136e-01 -3.188035097510846683e+00
-4.086520962407284019e-01 -3.186115840207428551e+00
-4.068441082787824792e-01 -3.184235342797848922e+00
-4.050361203168366120e-01 -3.182396135575055851e+00
-4.032281323548908558e-01 -3.180599231337463362e+00
-4.014201443929450441e-01 -3.178843932865915267e+00
-3.996121564309991214e-01 -3.177129449230781333e+00
-3.978041684690533097e-01 -3.175454344724232936e+00
-3.959961805071076091e-01 -3.173815667564028331e+00
-3.941881925451616864e-01 -3.172210248260028731e+00
-3.923802045832158747e-01 -3.170634732439519432e+00
-3.905722166212699520e-01 -3.169084912710429247e+00
-3.887642286593240848e-01 -3.167556335830242986e+00
-3.869562406973784396e-01 -3.166044497790715173e+00
-3.851482527354325724e-01 -3.164544476312188603e+00
-3.833402647734866497e-01 -3.163051143272945342e+00
-3.815322768115408381e-01 -3.161559366301414098e+00
-3.797242888495949709e-01 -3.160063974400207254e+00
-3.779163008876492147e-01 -3.158559768517918531e+00
-3.761083129257033475e-01 -3.157041579566578271e+00
-3.743003249637575358e-01 -3.155504885049174479e+00
-3.724923370018116131e-01 -3.153945778853936677e+00
-3.706843490398657459e-01 -3.152360433369591153e+00
-3.688763610779200453e-01 -3.150746575794461712e+00
-3.670683731159741781e-01 -3.149103685556815968e+00
-3.652603851540283664e-01 -3.147431382502885011e+00
-3.634523971920824437e-01 -3.145730831967409102e+00
-3.616444092301366875e-01 -3.144005061369126608e+00
-3.598364212681909313e-01 -3.142257226945369908e+00
-3.580284333062450641e-01 -3.140491041737718980e+00
-3.562204453442991414e-01 -3.138710868737804471e+00
-3.544124573823532742e-01 -3.136921091072294221e+00
-3.526044694204076291e-01 -3.135125689784949987e+00
-3.507964814584617064e-01 -3.133328232748257225e+00
-3.489884934965158392e-01 -3.131532253865894955e+00
-3.471805055345699165e-01 -3.129741036080808225e+00
-3.453725175726240493e-01 -3.127957655602539244e+00
-3.435645296106784041e-01 -3.126185204242968307e+00
-3.417565416487325924e-01 -3.124427003465529484e+00
-3.399485536867866697e-01 -3.122686512505211009e+00
-3.381405657248408025e-01 -3.120967063103518235e+00
-3.363325777628951019e-01 -3.119271164316221867e+00
-3.345245898009491792e-01 -3.117601002859901271e+00
-3.327166018390033675e-01 -3.115958112607987829e+00
-3.309086138770574448e-01 -3.114341675542336318e+00
-3.291006259151115776e-01 -3.112750335408725810e+00
-3.272926379531659324e-01 -3.111181784841692721e+00
-3.254846499912201208e-01 -3.109631890137847687e+00
-3.236766620292741981e-01 -3.108096313437914926e+00
-3.218686740673283309e-01 -3.106570779546458994e+00
-3.200606861053824637e-01 -3.105051075029301444e+00
-3.182526981434367075e-01 -3.103533140652588340e+00
-3.164447101814908403e-01 -3.102014081384339761e+00
-3.146367222195449731e-01 -3.100491541853778621e+00
-3.128287342575991059e-01 -3.098963397670741138e+00
-3.110207462956534052e-01 -3.097428200041938862e+00
-3.092127583337075380e-01 -3.095884625860316319e+00
-3.074047703717617264e-01 -3.094331387290227831e+00
-3.055967824098158592e-01 -3.092767237359362653e+00
-3.037887944478699920e-01 -3.091191006992584089e+00
-3.019808064859242358e-01 -3.089602059183445437e+00
-3.001728185239783686e-01 -3.087999988409634522e+00
-2.983648305620325569e-01 -3.086384932371784018e+00
-2.965568426000866897e-01 -3.084758187442245614e+00
-2.947488546381407670e-01 -3.083121291681662157e+00
-2.929408666761951219e-01 -3.081476954938228818e+00
-2.911328787142491992e-01 -3.079828691056652357e+00
-2.893248907523033320e-01 -3.078180024808115700e+00
-2.875169027903574093e-01 -3.076534466634182952e+00
-2.857089148284115976e-01 -3.074895468216660710e+00
-2.839009268664658969e-01 -3.073265574114841581e+00
-2.820929389045200297e-01 -3.071646594048948131e+00
-2.802849509425741070e-01 -3.070039932183960207e+00
-2.784769629806282398e-01 -3.068445812111260107e+00
-2.766689750186826502e-01 -3.066864204700650021e+00
-2.748609870567367275e-01 -3.065294712631372320e+00
-2.730529990947908048e-01 -3.063736671787244070e+00
-2.712450111328449931e-01 -3.062189519390509762e+00
-2.694370231708990704e-01 -3.060652945223904187e+00
-2.676290352089534252e-01 -3.059126609983529921e+00
-2.658210472470075580e-01 -3.057609631746359025e+00
-2.640130592850616353e-01 -3.056100849369153494e+00
-2.622050713231158237e-01 -3.054598606645059444e+00
-2.603970833611699010e-01 -3.053100557108892943e+00
-2.585890953992242003e-01 -3.051604204988216384e+00
-2.567811074372783331e-01 -3.050106666306324765e+00
-2.549731194753324104e-01 -3.048605056727715645e+00
-2.531651315133866542e-01 -3.047097648319474050e+00
-2.513571435514409536e-01 -3.045583491745885940e+00
-2.495491555894950864e-01 -3.044062399011103093e+00
-2.477411676275491637e-01 -3.042535340537174893e+00
-2.459331796656032965e-01 -3.041003487519848836e+00
-2.441251917036574570e-01 -3.039468378299486240e+00
-2.423172037417117841e-01 -3.037931548498440382e+00
-2.405092157797659169e-01 -3.036393793741098523e+00
-2.387012278178199942e-01 -3.034855528051121798e+00
-2.368932398558741548e-01 -3.033317067081995777e+00
-2.350852518939282321e-01 -3.031778633187838246e+00
-2.332772639319826147e-01 -3.030240793728360416e+00
-2.314692759700366920e-01 -3.028704778075958171e+00
-2.296612880080907970e-01 -3.027172079582574060e+00
-2.278533000461449298e-01 -3.025644860640578138e+00
-2.260453120841993124e-01 -3.024125278622854296e+00
-2.242373241222534175e-01 -3.022614522311157792e+00
-2.224293361603075503e-01 -3.021113300196883955e+00
-2.206213481983616276e-01 -3.019621172544206811e+00
-2.188133602364158159e-01 -3.018136940394715140e+00
-2.170053722744701430e-01 -3.016658796574371415e+00
-2.151973843125241925e-01 -3.015184376033200220e+00
-2.133893963505782976e-01 -3.013712006906148488e+00
-2.115814083886324581e-01 -3.012241008417894772e+00
-2.097734204266866465e-01 -3.010771168568709744e+00
-2.079654324647408625e-01 -3.009303026026944661e+00
-2.061574445027950231e-01 -3.007836920561628435e+00
-2.043494565408491837e-01 -3.006372484450873017e+00
-2.025414685789032887e-01 -3.004909166695980627e+00
-2.007334806169575880e-01 -3.003446180324368608e+00
-1.989254926550117208e-01 -3.001982868102066160e+00
-1.971175046930658536e-01 -3.000519249649729492e+00
-1.953095167311200142e-01 -2.999055506878503863e+00
-1.935015287691741193e-01 -2.997591821699529646e+00
-1.916935408072284186e-01 -2.996128376023949880e+00
-1.898855528452825792e-01 -2.994665351762907157e+00
-1.880775648833366842e-01 -2.993202930827543629e+00
-1.862695769213908170e-01 -2.991741295129000555e+00
-1.844615889594449221e-01 -2.990280626578419643e+00
-1.826536009974992492e-01 -2.988821107086943929e+00
-1.808456130355533542e-01 -2.987362918565720449e+00
-1.790376250736074870e-01 -2.985906242925882914e+00
-1.772296371116616476e-01 -2.984451262078578360e+00
-1.754216491497157804e-01 -2.982998157934949823e+00
-1.736136611877700797e-01 -2.981547112406135458e+00
-1.718056732258241848e-01 -2.980098307403280966e+00
-1.699976852638783176e-01 -2.978651924837529386e+00
-1.681896973019324781e-01 -2.977208146620018869e+00
-1.663817093399868330e-01 -2.975767154476136600e+00
-1.645737213780409103e-01 -2.974329064657304844e+00
-1.627657334160949876e-01 -2.972893831782714713e+00
-1.609577454541491759e-01 -2.971461385968829916e+00
-1.591497574922032532e-01 -2.970031657332111941e+00
-1.573417695302576080e-01 -2.968604575989025385e+00
-1.555337815683117686e-01 -2.967180072056032181e+00
-1.537257936063658459e-01 -2.965758075649594705e+00
-1.519178056444199509e-01 -2.964338516886177111e+00
-1.501098176824741115e-01 -2.962921325882240442e+00
-1.483018297205284108e-01 -2.961506432754251072e+00
-1.464938417585825714e-01 -2.960093767618668270e+00
-1.446858537966366764e-01 -2.958683260591959296e+00
-1.428778658346908093e-01 -2.957274841790583420e+00
-1.410698778727451363e-01 -2.955868441331003460e+00
-1.392618899107992692e-01 -2.954463989329684903e+00
-1.374539019488533464e-01 -2.953061415903087461e+00
-1.356459139869074793e-01 -2.951660651167678395e+00
-1.338379260249615565e-01 -2.950261625239918750e+00
-1.320299380630159114e-01 -2.948864268667272803e+00
-1.302219501010700442e-01 -2.947468541751590454e+00
-1.284139621391241493e-01 -2.946074453304551088e+00
-1.266059741771782543e-01 -2.944682016603187069e+00
-1.247979862152324149e-01 -2.943291244924534311e+00
-1.229899982532867558e-01 -2.941902151545628730e+00
-1.211820102913409025e-01 -2.940514749743507128e+00
-1.193740223293949798e-01 -2.939129052795205865e+00
-1.175660343674491126e-01 -2.937745073977755972e+00
-1.157580464055034258e-01 -2.936362826568200468e+00
-1.139500584435575725e-01 -2.934982323843569940e+00
-1.121420704816116776e-01 -2.933603579080901191e+00
-1.103340825196657826e-01 -2.932226605557228361e+00
-1.085260945577199432e-01 -2.930851416549591804e+00
-1.067181065957742842e-01 -2.929478025335023883e+00
-1.049101186338283614e-01 -2.928106445190560070e+00
-1.031021306718825081e-01 -2.926736689393237612e+00
-1.012941427099366687e-01 -2.925368771220091535e+00
-9.948615474799081537e-02 -2.924002703948157755e+00
-9.767816678604508696e-02 -2.922638500551008267e+00
-9.587017882409920588e-02 -2.921276165714992157e+00
-9.406219086215339420e-02 -2.919915695040307568e+00
-9.225420290020740210e-02 -2.918557083663474661e+00
-9.044621493826160430e-02 -2.917200326721018477e+00
-8.863822697631597303e-02 -2.915845419349458290e+00
-8.683023901437005032e-02 -2.914492356685317809e+00
-8.502225105242414149e-02 -2.913141133865121191e+00
-8.321426309047826042e-02 -2.911791746025386818e+00
-8.140627512853257364e-02 -2.910444188302641955e+00
-7.959828716658669256e-02 -2.909098455833408092e+00
-7.779029920464081149e-02 -2.907754543754202725e+00
-7.598231124269498593e-02 -2.906412447201553118e+00
-7.417432328074909098e-02 -2.905072161311982981e+00
-7.236633531880341808e-02 -2.903733681222009366e+00
-7.055834735685750925e-02 -2.902397002068160869e+00
-6.875035939491169756e-02 -2.901062118986952765e+00
-6.694237143296580261e-02 -2.899729027114914093e+00
-6.513438347101990766e-02 -2.898397721588566789e+00
-6.332639550907423476e-02 -2.897068197427108860e+00
-6.151840754712836756e-02 -2.895740447994442412e+00
-5.971041958518251425e-02 -2.894414465429576477e+00
-5.790243162323664011e-02 -2.893090241842734223e+00
-5.609444366129099496e-02 -2.891767769344142369e+00
-5.428645569934510001e-02 -2.890447040044020532e+00
-5.247846773739914955e-02 -2.889128046052597654e+00
-5.067047977545331705e-02 -2.887810779480096457e+00
-4.886249181350743598e-02 -2.886495232436737002e+00
-4.705450385156174919e-02 -2.885181397032744677e+00
-4.524651588961587506e-02 -2.883869265378348867e+00
-4.343852792767000787e-02 -2.882558829583766080e+00
-4.163053996572412679e-02 -2.881250081759225701e+00
-3.982255200377823878e-02 -2.879943014014950453e+00
-3.801456404183257975e-02 -2.878637618461163505e+00
-3.620657607988665705e-02 -2.877333887208087138e+00
-3.439858811794081761e-02 -2.876031812365948070e+00
-3.259060015599496429e-02 -2.874731386044972137e+00
-3.078261219404934690e-02 -2.873432600355379396e+00
-2.897462423210344154e-02 -2.872135448086335252e+00
-2.716663627015757435e-02 -2.870839927644796674e+00
-2.535864830821164470e-02 -2.869546040211182980e+00
-2.355066034626578098e-02 -2.868253786985515585e+00
-2.174267238432004909e-02 -2.866963169167817682e+00
-1.993468442237422353e-02 -2.865674187958105357e+00
-1.812669646042831817e-02 -2.864386844556404021e+00
-1.631870849848244751e-02 -2.863101140162730207e+00
-1.451072053653661327e-02 -2.861817075977103109e+00
-1.270273257459090220e-02 -2.860534653199548583e+00
-1.089474461264509919e-02 -2.859253873030082715e+00
-9.086756650699211180e-03 -2.857974736668725591e+00
-7.278768688753289341e-03 -2.856697245315498623e+00
-5.470780726807446433e-03 -2.855421400170423674e+00
-3.662792764861760083e-03 -2.854147202433519936e+00
-1.854804802915839762e-03 -2.852874653304808383e+00
-4.681684097003758598e-05 -2.851603753984306877e+00
1.761171120975792495e-03 -2.850334505672038610e+00
3.569159082921554739e-03 -2.849066909568020112e+00
5.377147044867390709e-03 -2.847800966480223739e+00
7.185135006813334231e-03 -2.846536675193964694e+00
8.993122968759200558e-03 -2.845274033844182870e+00
1.080111093070501398e-02 -2.844013040565503303e+00
1.260909889265070249e-02 -2.842753693492551026e+00
1.441708685459663040e-02 -2.841495990759956847e+00
1.622507481654246464e-02 -2.840239930502347576e+00
1.803306277848842551e-02 -2.838985510854348249e+00
1.984105074043422678e-02 -2.837732729950586563e+00
2.164903870237990663e-02 -2.836481585925690219e+00
2.345702666432578076e-02 -2.835232076914286914e+00
2.526501462627171388e-02 -2.833984201051002128e+00
2.707300258821754985e-02 -2.832737956470466667e+00
2.888099055016322622e-02 -2.831493341307302014e+00
3.068897851210905525e-02 -2.830250353696139420e+00
3.249696647405489469e-02 -2.829008991771607473e+00
3.430495443600084515e-02 -2.827769253668328098e+00
3.611294239794668459e-02 -2.826531137520932990e+00
3.792093035989244770e-02 -2.825294641463619527e+00
3.972891832183824551e-02 -2.824059761808192626e+00
4.153690628378419597e-02 -2.822826488877642870e+00
4.334489424573004235e-02 -2.821594811766586552e+00
4.515288220767589566e-02 -2.820364719569637746e+00
4.696087016962156163e-02 -2.819136201381409634e+00
4.876885813156739413e-02 -2.817909246296519399e+00
5.057684609351334459e-02 -2.816683843409576671e+00
5.238483405545923954e-02 -2.815459981815199964e+00
5.419282201740490551e-02 -2.814237650608005126e+00
5.600080997935073801e-02 -2.813016838882599568e+00
5.780879794129662602e-02 -2.811797535733605358e+00
5.961678590324253485e-02 -2.810579730255632125e+00
6.142477386518840898e-02 -2.809363411543294831e+00
6.323276182713410964e-02 -2.808148568691211100e+00
6.504074978907992133e-02 -2.806935190793992785e+00
6.684873775102580240e-02 -2.805723266946255734e+00
6.865672571297168347e-02 -2.804512786242610023e+00
7.046471367491752291e-02 -2.803303737777676385e+00
7.227270163686318194e-02 -2.802096110676085328e+00
7.408068959880906301e-02 -2.800889899293501184e+00
7.588867756075497184e-02 -2.799685109144017137e+00
7.769666552270082516e-02 -2.798481747175147749e+00
7.950465348464652582e-02 -2.797279820334395595e+00
8.131264144659240689e-02 -2.796079335569281898e+00
8.312062940853828796e-02 -2.794880299827307901e+00
8.492861737048415516e-02 -2.793682720055991275e+00
8.673660533243002235e-02 -2.792486603202839479e+00
8.854459329437568138e-02 -2.791291956215366632e+00
9.035258125632163184e-02 -2.790098786041080192e+00
9.216056921826749904e-02 -2.788907099627494279e+00
9.396855718021335235e-02 -2.787716903922118128e+00
9.577654514215920567e-02 -2.786528205872464081e+00
9.758453310410490633e-02 -2.785341012426042262e+00
9.939252106605074577e-02 -2.784155330530363681e+00
1.012005090279965991e-01 -2.782971167132938017e+00
1.030084969899425357e-01 -2.781788529181279390e+00
1.048164849518884167e-01 -2.780607423622896590e+00
1.066244729138340758e-01 -2.779427857272370073e+00
1.084324608757799568e-01 -2.778249830579466728e+00
1.102404488377257824e-01 -2.777073334957722572e+00
1.120484367996717190e-01 -2.775898361132806080e+00
1.138564247616174058e-01 -2.774724899830387947e+00
1.156644127235632591e-01 -2.773552941776137537e+00
1.174724006855091263e-01 -2.772382477695721992e+00
1.192803886474550074e-01 -2.771213498314812007e+00
1.210883766094008746e-01 -2.770045994359076946e+00
1.228963645713465336e-01 -2.768879956554185284e+00
1.247043525332924285e-01 -2.767715375625807717e+00
1.265123404952382957e-01 -2.766552242299611386e+00
1.283203284571842184e-01 -2.765390547301268320e+00
1.301283164191300856e-01 -2.764230281356443442e+00
1.319363043810757863e-01 -2.763071435190810998e+00
1.337442923430215980e-01 -2.761913999530035912e+00
1.355522803049674929e-01 -2.760757965099789768e+00
1.373602682669133601e-01 -2.759603322625741484e+00
1.391682562288590053e-01 -2.758450062833560423e+00
1.409762441908049002e-01 -2.757298176679475965e+00
1.427842321527507674e-01 -2.756147660030748181e+00
1.445922201146966068e-01 -2.754998513457334930e+00
1.464002080766425018e-01 -2.753850737718063435e+00
1.482081960385882580e-01 -2.752704333571766249e+00
1.500161840005340974e-01 -2.751559301777272815e+00
1.518241719624799368e-01 -2.750415643093410356e+00
1.536321599244258318e-01 -2.749273358279010537e+00
1.554401478863716990e-01 -2.748132448092902802e+00
1.572481358483173997e-01 -2.746992913293918370e+00
1.590561238102632946e-01 -2.745854754640882689e+00
1.608641117722091340e-01 -2.744717972892628310e+00
1.626720997341550012e-01 -2.743582568807985567e+00
1.644800876961007019e-01 -2.742448543145783457e+00
1.662880756580465413e-01 -2.741315896664850094e+00
1.680960636199924363e-01 -2.740184630124016696e+00
1.699040515819383312e-01 -2.739054744282113152e+00
1.717120395438842262e-01 -2.737926239897968017e+00
1.735200275058298713e-01 -2.736799117730412512e+00
1.753280154677757663e-01 -2.735673378205652817e+00
1.771360034297216612e-01 -2.734549017886214184e+00
1.789439913916675284e-01 -2.733426030843354670e+00
1.807519793536134234e-01 -2.732304411106881936e+00
1.825599673155590408e-01 -2.731184152706599644e+00
1.843679552775049357e-01 -2.730065249672313232e+00
1.861759432394508307e-01 -2.728947696033827253e+00
1.879839312013966979e-01 -2.727831485820946256e+00
1.897919191633425928e-01 -2.726716613063475236e+00
1.915999071252882380e-01 -2.725603071791220522e+00
1.934078950872340774e-01 -2.724490856033984443e+00
1.952158830491799724e-01 -2.723379959821575991e+00
1.970238710111258951e-01 -2.722270377183795276e+00
1.988318589730715125e-01 -2.721162102150450846e+00
2.006398469350173797e-01 -2.720055128751344586e+00
2.024478348969633024e-01 -2.718949451016284602e+00
2.042558228589091696e-01 -2.717845062975074111e+00
2.060638108208549812e-01 -2.716741958657517664e+00
2.078717987828007097e-01 -2.715640132093420256e+00
2.096797867447465491e-01 -2.714539578063868586e+00
2.114877747066924718e-01 -2.713440296606664859e+00
2.132957626686383668e-01 -2.712342290004757572e+00
2.151037506305842062e-01 -2.711245560549508049e+00
2.169117385925298791e-01 -2.710150110532282941e+00
2.187197265544758018e-01 -2.709055942244445792e+00
2.205277145164216135e-01 -2.707963057977360588e+00
2.223357024783675084e-01 -2.706871460022393538e+00
2.241436904403131258e-01 -2.705781150670908630e+00
2.259516784022591041e-01 -2.704692132214267630e+00
2.277596663642049435e-01 -2.703604406943838079e+00
2.295676543261508107e-01 -2.702517977150983519e+00
2.313756422880966224e-01 -2.701432845127069271e+00
2.331836302500424063e-01 -2.700349013163457546e+00
2.349916182119881902e-01 -2.699266483551516771e+00
2.367996061739341129e-01 -2.698185258582606938e+00
2.386075941358799801e-01 -2.697105340548094699e+00
2.404155820978259028e-01 -2.696026731739344928e+00
2.422235700597715480e-01 -2.694949434447722503e+00
2.440315580217174707e-01 -2.693873449842248302e+00
2.458395459836633379e-01 -2.692798774141142992e+00
2.476475339456091496e-01 -2.691725402197946426e+00
2.494555219075548780e-01 -2.690653328866157157e+00
2.512635098695007452e-01 -2.689582548999269296e+00
2.530714978314466124e-01 -2.688513057450784505e+00
2.548794857933924796e-01 -2.687444849074198228e+00
2.566874737553384023e-01 -2.686377918723009461e+00
2.584954617172840474e-01 -2.685312261250715427e+00
2.603034496792299146e-01 -2.684247871510811567e+00
2.621114376411757818e-01 -2.683184744356798213e+00
2.639194256031217045e-01 -2.682122874642172583e+00
2.657274135650675717e-01 -2.681062257220429679e+00
2.675354015270132724e-01 -2.680002886945071161e+00
2.693433894889591396e-01 -2.678944758669590698e+00
2.711513774509050068e-01 -2.677887867247488174e+00
2.729593654128508184e-01 -2.676832207532262586e+00
2.747673533747966856e-01 -2.675777774377408491e+00
2.765753413367423863e-01 -2.674724562637288194e+00
2.783833292986882535e-01 -2.673672567903606634e+00
2.801913172606341207e-01 -2.672621787848865615e+00
2.819993052225799879e-01 -2.671572220510005202e+00
2.838072931845257996e-01 -2.670523863923961905e+00
2.856152811464716113e-01 -2.669476716127679339e+00
2.874232691084174784e-01 -2.668430775158090906e+00
2.892312570703632901e-01 -2.667386039052141999e+00
2.910392450323091573e-01 -2.666342505846766908e+00
2.928472329942548580e-01 -2.665300173578907028e+00
2.946552209562007807e-01 -2.664259040285500646e+00
2.964632089181465369e-01 -2.663219104003487381e+00
2.982711968800924596e-01 -2.662180362769805519e+00
3.000791848420383268e-01 -2.661142814621395125e+00
3.018871728039841384e-01 -2.660106457595194485e+00
3.036951607659299501e-01 -2.659071289728142773e+00
3.055031487278759283e-01 -2.658037309057180941e+00
3.073111366898217400e-01 -2.657004513619245500e+00
3.091191246517673852e-01 -2.655972901451276069e+00
3.109271126137132524e-01 -2.654942470590214487e+00
3.127351005756591196e-01 -2.653913219072996821e+00
3.145430885376050423e-01 -2.652885144936562689e+00
3.163510764995508540e-01 -2.651858246217852155e+00
3.181590644614966101e-01 -2.650832520953803950e+00
3.199670524234423663e-01 -2.649807967181356805e+00
3.217750403853882890e-01 -2.648784582937450338e+00
3.235830283473342117e-01 -2.647762366259023725e+00
3.253910163092800234e-01 -2.646741315183015253e+00
3.271990042712256685e-01 -2.645721427746364540e+00
3.290069922331715357e-01 -2.644702701986010318e+00
3.308149801951174585e-01 -2.643685135938893538e+00
3.326229681570633256e-01 -2.642668727641952042e+00
3.344309561190090263e-01 -2.641653475132123230e+00
3.362389440809548935e-01 -2.640639376446348052e+00
3.380469320429007607e-01 -2.639626429621565684e+00
3.398549200048466834e-01 -2.638614632694715301e+00
3.416629079667924396e-01 -2.637603983702735189e+00
3.434708959287382513e-01 -2.636594480682566299e+00
3.452788838906841185e-01 -2.635586121671146032e+00
3.470868718526299301e-01 -2.634578904705413116e+00
3.488948598145757973e-01 -2.633572827822307616e+00
3.507028477765217200e-01 -2.632567889058769151e+00
3.525108357384673652e-01 -2.631564086451735118e+00
3.543188237004132324e-01 -2.630561418038146027e+00
3.561268116623590996e-01 -2.629559881854940606e+00
3.579347996243050778e-01 -2.628559475939057588e+00
3.597427875862508340e-01 -2.627560198327436147e+00
3.615507755481965346e-01 -2.626562047057018123e+00
3.633587635101425128e-01 -2.625565020164737362e+00
3.651667514720883245e-01 -2.624569115687538368e+00
3.669747394340341917e-01 -2.623574331662356762e+00
3.687827273959798924e-01 -2.622580666126133053e+00
3.705907153579257596e-01 -2.621588117115804195e+00
3.723987033198715713e-01 -2.620596682668313360e+00
3.742066912818175495e-01 -2.619606360820595281e+00
3.760146792437634167e-01 -2.618617149609592243e+00
3.778226672057090618e-01 -2.617629047072242532e+00
3.796306551676549290e-01 -2.616642051245485767e+00
3.814386431296008517e-01 -2.615656160166259347e+00
3.832466310915466634e-01 -2.614671371871503780e+00
3.850546190534925306e-01 -2.613687684398156463e+00
3.868626070154382868e-01 -2.612705095783157461e+00
3.886705949773841540e-01 -2.611723604063448168e+00
3.904785829393299101e-01 -2.610743207275965538e+00
3.922865709012758884e-01 -2.609763903457647860e+00
3.940945588632215890e-01 -2.608785690645435640e+00
3.959025468251673452e-01 -2.607808566876269829e+00
3.977105347871132679e-01 -2.606832530187084718e+00
3.995185227490591906e-01 -2.605857578614823034e+00
4.013265107110051133e-01 -2.604883710196422619e+00
4.031344986729507585e-01 -2.603910922968823094e+00
4.049424866348966257e-01 -2.602939214968964077e+00
4.067504745968424373e-01 -2.601968584233783410e+00
4.085584625587883600e-01 -2.600999028800220714e+00
4.103664505207341717e-01 -2.600030546705216050e+00
4.121744384826798724e-01 -2.599063135985707262e+00
4.139824264446257951e-01 -2.598096794678632637e+00
4.157904144065716623e-01 -2.597131520820934458e+00
4.175984023685175295e-01 -2.596167312449548792e+00
4.194063903304631746e-01 -2.595204167601416589e+00
4.212143782924090418e-01 -2.594242084313475694e+00
4.230223662543549090e-01 -2.593281060622666168e+00
4.248303542163008317e-01 -2.592321094565925854e+00
4.266383421782466989e-01 -2.591362184180196593e+00
4.284463301401923996e-01 -2.590404327502414450e+00
4.302543181021384888e-01 -2.589447522569519489e+00
4.320623060640841340e-01 -2.588491767418452216e+00
4.338702940260297791e-01 -2.587537060086150476e+00
4.356782819879758684e-01 -2.586583398609552997e+00
4.374862699499215135e-01 -2.585630781025598512e+00
4.392942579118676583e-01 -2.584679205371228861e+00
4.411022458738133589e-01 -2.583728669683379664e+00
4.429102338357590041e-01 -2.582779171998994983e+00
4.447182217977050378e-01 -2.581830710355009106e+00
4.465262097596507385e-01 -2.580883282788360766e+00
4.483341977215968277e-01 -2.579936887335993578e+00
4.501421856835424173e-01 -2.578991522034841388e+00
4.519501736454881735e-01 -2.578047184921849144e+00
4.537581616074342072e-01 -2.577103874033951136e+00
4.555661495693799634e-01 -2.576161587408088760e+00
4.573741375313259971e-01 -2.575220323081200746e+00
4.591821254932716423e-01 -2.574280079090225826e+00
4.609901134552173430e-01 -2.573340853472103618e+00
4.627981014171633767e-01 -2.572402644263772409e+00
4.646060893791090773e-01 -2.571465449502172262e+00
4.664140773410547780e-01 -2.570529267224242354e+00
4.682220653030008117e-01 -2.569594095466920525e+00
4.700300532649464569e-01 -2.568659932267148172e+00
4.718380412268926016e-01 -2.567726775661861360e+00
4.736460291888382468e-01 -2.566794623688001487e+00
4.754540171507839474e-01 -2.565863474382507725e+00
4.772620051127300367e-01 -2.564933325782317475e+00
4.790699930746756818e-01 -2.564004175924369910e+00
4.808779810366217711e-01 -2.563076022845606872e+00
4.826859689985674717e-01 -2.562148864582965757e+00
4.844939569605131169e-01 -2.561222699173385298e+00
4.863019449224592061e-01 -2.560297524653803336e+00
4.881099328844049623e-01 -2.559373339061162156e+00
4.899179208463509960e-01 -2.558450140432399156e+00
4.917259088082965857e-01 -2.557527926804453067e+00
4.935338967702422863e-01 -2.556606696214264840e+00
4.953418847321884311e-01 -2.555686446698770542e+00
4.971498726941340207e-01 -2.554767176294912900e+00
