-1.309030101289753389e+00 8.649350138784397957e-02
-1.212120088281696928e+00 2.803135274039568192e-01
-1.132938842234072041e+00 4.386760194992065376e-01
-1.065992052603458973e+00 5.725695987604328963e-01
-1.008000105625772136e+00 6.885534927158063478e-01
-9.568475831783908037e-01 7.908585376105690123e-01
-9.110900926177156745e-01 8.823735187319192708e-01
-8.696974074594907567e-01 9.651588890483692174e-01
-8.319088465700908985e-01 1.040736010827168823e+00
-7.971467403108789540e-01 1.110260223345592934e+00
-7.649620569394777192e-01 1.174629590088395403e+00
-7.349988335620345481e-01 1.234556036843281746e+00
-7.069701099617909934e-01 1.290613484043768855e+00
-6.806411712394417890e-01 1.343271361488467264e+00
-6.558175875144096612e-01 1.392918528938531519e+00
-6.323364916648868128e-01 1.439880720637577216e+00
-6.100600969537345319e-01 1.484433510059881556e+00
-5.888707978837963708e-01 1.526812108199757878e+00
-5.686674117955095031e-01 1.567218880376331613e+00
-5.493622566001228336e-01 1.605829190767105175e+00
-5.308788509061097560e-01 1.642796002155131330e+00
-5.131500839456780705e-01 1.678253536075994479e+00
-4.961167446468977005e-01 1.712320214673555219e+00
-4.797263284587284238e-01 1.745101047049893772e+00
-4.639320612754964657e-01 1.776689581416357688e+00
-4.486920947187595932e-01 1.807169514529831433e+00
-4.339688378980532946e-01 1.836616028171244031e+00
-4.197283987834430907e-01 1.865096906400464549e+00
-4.059401142978097399e-01 1.892673475371731140e+00
-3.925761527398282102e-01 1.919401398487694310e+00
-3.796111755754605910e-01 1.945331352816429549e+00
-3.670220482674401152e-01 1.970509607432470611e+00
-3.547875918504284631e-01 1.994978520266493804e+00
-3.428883685507206902e-01 2.018776966865909017e+00
-3.313064960009056148e-01 2.041940711965539279e+00
-3.200254855912165186e-01 2.064502732784917693e+00
-3.090301012897533339e-01 2.086493501387844063e+00
-2.983062358979802764e-01 2.107941232171390400e+00
-2.878408022198152283e-01 2.128872099527720163e+00
-2.776216370381291987e-01 2.149310429891092333e+00
-2.676374161315283606e-01 2.169278871704293898e+00
-2.578775788423720572e-01 2.188798546282606505e+00
-2.483322609361416633e-01 2.207889182095067682e+00
-2.389922346819982335e-01 2.226569234603354097e+00
-2.298488552421285025e-01 2.244855993483093837e+00
-2.208940125892020767e-01 2.262765678788946300e+00
-2.121200882816969002e-01 2.280313527403956986e+00
-2.035199165197793536e-01 2.297513870927792023e+00
-1.950867489829165302e-01 2.314380206001517504e+00
-1.868142230169266560e-01 2.330925257933497363e+00
-1.786963327947472258e-01 2.347161038377856279e+00
-1.707274031234718437e-01 2.363098897720407265e+00
-1.629020656115152954e-01 2.378749572744319973e+00
-1.552152369452243497e-01 2.394123230076901976e+00
-1.476620990547784229e-01 2.409229505857793718e+00
-1.402380809755715552e-01 2.424077542016207509e+00
-1.329388422340721243e-01 2.438676019499206316e+00
-1.257602576069486722e-01 2.453033188753453331e+00
-1.186984031194618788e-01 2.467156897728426834e+00
-1.117495431641339909e-01 2.481054617639082860e+00
-1.049101186338285557e-01 2.494733466699693647e+00
-9.817673597486016590e-02 2.508200232017630427e+00
-9.154615707584702611e-02 2.521461389815656595e+00
-8.501528991688929449e-02 2.534523124133571947e+00
-7.858117991147937909e-02 2.547391344144391834e+00
-7.224100188046039817e-02 2.560071700206429934e+00
-6.599205260345890334e-02 2.572569598760432896e+00
-5.983174389864041182e-02 2.584890216170069976e+00
-5.375759618644725818e-02 2.597038511594456089e+00
-4.776723249725984416e-02 2.609019238972830834e+00
-4.185837288673951995e-02 2.620836958193871524e+00
-3.602882922601568366e-02 2.632496045515319238e+00
-3.027650033692439596e-02 2.644000703293501786e+00
-2.459936744523384330e-02 2.655354969076883176e+00
-1.899548992723533447e-02 2.666562724112880201e+00
-1.346300132727427587e-02 2.677627701312802255e+00
-8.000105625772137644e-03 2.688553492715806570e+00
-2.605073739065993585e-03 2.699343556489218976e+00
2.723759766000929429e-03 2.710001223499352463e+00
7.987999758358220806e-03 2.720529703484066975e+00
1.318919344416595758e-02 2.730932090855682670e+00
1.832883309657701298e-02 2.741211370160504757e+00
2.340835862585198546e-02 2.751370421219054840e+00
2.842916000090277284e-02 2.761412023969156415e+00
3.339257953245285820e-02 2.771338863032256405e+00
3.829991402719708227e-02 2.781153532021745090e+00
4.315241682160916165e-02 2.790858537610569012e+00
4.795129970337787262e-02 2.800456303374106337e+00
5.269773472783952084e-02 2.809949173423029745e+00
5.739285593621935161e-02 2.819339415839789531e+00
6.203776098198296451e-02 2.828629225931316604e+00
6.663351267113205856e-02 2.837820729309614709e+00
7.118114042185268164e-02 2.846915984811055900e+00
7.568164164852911324e-02 2.855916987264409013e+00
8.013598307477910743e-02 2.864825670116908807e+00
8.454510197983422515e-02 2.873643907927019292e+00
8.890990738228428392e-02 2.882373518731919049e+00
9.323128116492684914e-02 2.891016266297204318e+00
9.751007914420183054e-02 2.899573862255754086e+00
1.017471320874564489e-01 2.908047968142263517e+00
1.059432466810646678e-01 2.916440197329480011e+00
1.100992064522223618e-01 2.924752116871795593e+00
1.142157726470545281e-01 2.932985249261459870e+00
1.182936850674939089e-01 2.941141074102338493e+00
1.223336628692339445e-01 2.949221029705818786e+00
1.263364053229078798e-01 2.957226514613166657e+00
1.303025925405093266e-01 2.965158889048369328e+00
1.342328861689417174e-01 2.973019476305234221e+00
1.381279300524658749e-01 2.980809564072282480e+00
1.419883508657039661e-01 2.988530405698758941e+00
1.458147587187568206e-01 2.996183221404864483e+00
1.496077477358959684e-01 3.003769199439142668e+00
1.533678966092027751e-01 3.011289497185756225e+00
1.570957691284459168e-01 3.018745242224242453e+00
1.607919146884096706e-01 3.026137533344170016e+00
1.644568687748149960e-01 3.033467441516980667e+00
1.680911534299090737e-01 3.040736010827168823e+00
1.716952776987343554e-01 3.047944259364819608e+00
1.752697380570324981e-01 3.055093180081415838e+00
1.788150188216822145e-01 3.062183741610715160e+00
1.823315925445193331e-01 3.069216889056389341e+00
1.858199203903406482e-01 3.076193544748031972e+00
1.892804524998472071e-01 3.083114608967045367e+00
1.927136283382411552e-01 3.089980960643833097e+00
1.961198770301526284e-01 3.096793458027655710e+00
1.994996176815332367e-01 3.103552939330417093e+00
2.028532596891210182e-01 3.110260223345592934e+00
2.061812030380485716e-01 3.116916110043447929e+00
2.094838385881341580e-01 3.123521381143619102e+00
2.127615483493700554e-01 3.130076800666091064e+00
2.160147057470918897e-01 3.136583115461534454e+00
2.192436758772903782e-01 3.143041055721931265e+00
2.224488157525018328e-01 3.149451335472354341e+00
2.256304745386910615e-01 3.155814653044732854e+00
2.287889937835207999e-01 3.162131691534392441e+00
2.319247076363793181e-01 3.168403119240109422e+00
2.350379430605223086e-01 3.174629590088395403e+00
2.381290200376641464e-01 3.180811744042678857e+00
2.411982517653407654e-01 3.186950207498032039e+00
2.442459448473460748e-01 3.193045593662042769e+00
2.472723994775339051e-01 3.199098502922418596e+00
2.502779096172591533e-01 3.205109523201869148e+00
2.532627631667213053e-01 3.211079230300793341e+00
2.562272421304603864e-01 3.217008188228271504e+00
2.591716227772417058e-01 3.222896949521834031e+00
2.620961757945583503e-01 3.228746055556467542e+00
2.650011664379655074e-01 3.234556036843281746e+00
2.678868546754537006e-01 3.240327413318258021e+00
2.707534953270567812e-01 3.246060694621464293e+00
2.736013381998830818e-01 3.251756380367116783e+00
2.764306282187473651e-01 3.257414960404845239e+00
2.792416055525757668e-01 3.263036915072502264e+00
2.820345057367458219e-01 3.268622715440842263e+00
2.848095597915180077e-01 3.274172823550386635e+00
2.875669943367069048e-01 3.279687692640764318e+00
2.903070317027357516e-01 3.285167767372822123e+00
2.930298900382090621e-01 3.290613484043768633e+00
2.957357834141339792e-01 3.296025270795618578e+00
2.984249219249152096e-01 3.301403547817181039e+00
3.010975117862420558e-01 3.306748727539834842e+00
3.037537554299821196e-01 3.312061214827314970e+00
3.063938515961905362e-01 3.317341407159731581e+00
3.090179954223394310e-01 3.322589694812029482e+00
3.116263785298675759e-01 3.327806461027086105e+00
3.142191891081471677e-01 3.332992082183645177e+00
3.167966119959578220e-01 3.338146927959266375e+00
3.193588287605582110e-01 3.343271361488467264e+00
3.219060177744381135e-01 3.348365739516227180e+00
3.244383542898331974e-01 3.353430412547016903e+00
3.269560105110796977e-01 3.358465724989510015e+00
3.294591556648839847e-01 3.363472015297118478e+00
3.319479560685786868e-01 3.368449616104508326e+00
3.344225751964340354e-01 3.373398854360218913e+00
3.368831737440909357e-01 3.378320051455532713e+00
3.393299096911782664e-01 3.383213523349707152e+00
3.417629383621774708e-01 3.388079580691705672e+00
3.441824124855903388e-01 3.392918528938531519e+00
3.465884822514687658e-01 3.397730668470288151e+00
3.489812953673590568e-01 3.402516294702068844e+00
3.513609971127137355e-01 3.407275698192778091e+00
3.537277303918207050e-01 3.412009164750992252e+00
3.560816357852980563e-01 3.416716975537946954e+00
3.584228516002005427e-01 3.421399407167751594e+00
3.607515139187832953e-01 3.426056731804917543e+00
3.630677566459641348e-01 3.430689217259279111e+00
3.653717115555284445e-01 3.435297127078407620e+00
3.676635083351132427e-01 3.439880720637577216e+00
3.699432746300118091e-01 3.444440253227374349e+00
3.722111360858338935e-01 3.448975976139018407e+00
3.744672163900580331e-01 3.453488136747466797e+00
3.767116373125103390e-01 3.457976978592371520e+00
3.789445187448022834e-01 3.462442741456955186e+00
3.811659787387602916e-01 3.466885661444871314e+00
3.833761335438771733e-01 3.471305971055104855e+00
3.855750976438154232e-01 3.475703899254981799e+00
3.877629837919909228e-01 3.480079671551332687e+00
3.899399030462654681e-01 3.484433510059881556e+00
3.921059648027731548e-01 3.488765633572897151e+00
3.942612768289080472e-01 3.493076257625166825e+00
3.964059452954972196e-01 3.497365594558345059e+00
3.985400748081830424e-01 3.501633853583716594e+00
4.006637684380385256e-01 3.505881240843427893e+00
4.027771277514376469e-01 3.510107959470226024e+00
4.048802528392019817e-01 3.514314209645754694e+00
4.069732423450458381e-01 3.518500188657442518e+00
4.090561934933383270e-01 3.522666090954027496e+00
4.111292021162035737e-01 3.526812108199757656e+00
4.131923626799769433e-01 3.530938429327304728e+00
4.152457683110357123e-01 3.535045240589421933e+00
4.172895108210220028e-01 3.539132725609394736e+00
4.193236807314750791e-01 3.543201065430301000e+00
4.213483672978896033e-01 3.547250438563129826e+00
4.233636585332151148e-01 3.551281021033781293e+00
4.253696412308137775e-01 3.555292986428978175e+00
4.273664009868890501e-01 3.559286505941128720e+00
4.293540222224026537e-01 3.563261748412156038e+00
4.313325882044904969e-01 3.567218880376331835e+00
4.333021810673949870e-01 3.571158066102140705e+00
4.352628818329229432e-01 3.575079467633196728e+00
4.372147704304449323e-01 3.578983244828240817e+00
4.391579257164470729e-01 3.582869555400244987e+00
4.410924254936468003e-01 3.586738554954644442e+00
4.430183465296851919e-01 3.590590397026721003e+00
4.449357645754069557e-01 3.594425233118164531e+00
4.468447543827380186e-01 3.598243212732826990e+00
4.487453897221722610e-01 3.602044483411694920e+00
4.506377433998771664e-01 3.605829190767105175e+00
4.525218872744286025e-01 3.609597478516207936e+00
4.543978922731839454e-01 3.613349488513718732e+00
4.562658284083032090e-01 3.617085360783957260e+00
4.581257647924271148e-01 3.620805233552204960e+00
4.599777696540205407e-01 3.624509243275392034e+00
4.618219103523908409e-01 3.628197524672132523e+00
4.636582533923880867e-01 3.631870210752127015e+00
4.654868644387961663e-01 3.635527432844943174e+00
4.673078083304219588e-01 3.639169320628194537e+00
4.691211490938902440e-01 3.642796002155131330e+00
4.709269499571526740e-01 3.646407603881656190e+00
4.727252733627155257e-01 3.650004250692781671e+00
4.745161809805964470e-01 3.653586065928543736e+00
4.762997337210136961e-01 3.657153171409378345e+00
4.780759917468167530e-01 3.660705687460984237e+00
4.798450144856634125e-01 3.664243732938677223e+00
4.816068606419500187e-01 3.667767425251250657e+00
4.833615882085005033e-01 3.671276880384351848e+00
4.851092544780205573e-01 3.674772212923391734e+00
4.868499160543218185e-01 3.678253536075994479e+00
4.885836288633224056e-01 3.681720961693995431e+00
4.903104481638284051e-01 3.685174600295007430e+00
4.920304285581021952e-01 3.688614561083555010e+00
4.937436240022223810e-01 3.692040951971795604e+00
4.954500878162394484e-01 3.695453879599829516e+00
4.971498726941337987e-01 3.698853449355618217e+00
4.988430307135788278e-01 3.702239765394508275e+00
